86390
86380
86370
86360
86350
86340
86330
86320
86310
86300
86290
86280
86270
86260
86250
86240
86230
86220
86210
86200
86190
86180
86170
86160
86150
86140
86130
86120
86110
86100
86090
86080
86070
86060
86050
86040
86030
86020
86010
86000
85990
85980
85970
85960
85950
85940
85930
85920
85910
85900
85890
85880
85870
85860
85850
85840
85830
85820
85810
85800
85790
85780
85770
85760
85750
85740
85730
85720
85710
85700
85690
85680
85670
85660
85650
85640
85630
85620
85610
85600
85590
85580
85570
85560
85550
85540
85530
85520
85510
85500
85490
85480
85470
85460
85450
85440
85430
85420
85410
85400
85390
85380
85370
85360
85350
85340
85330
85320
85310
85300
85290
85280
85270
85260
85250
85240
85230
85220
85210
85200
85190
85180
85170
85160
85150
85140
85130
85120
85110
85100
85090
85080
85070
85060
85050
85040
85030
85020
85010
85000
84990
84980
84970
84960
84950
84940
84930
84920
84910
84900
84890
84880
84870
84860
84850
84840
84830
84820
84810
84800
84790
84780
84770
84760
84750
84740
84730
84720
84710
84700
84690
84680
84670
84660
84650
84640
84630
84620
84610
84600
84590
84580
84570
84560
84550
84540
84530
84520
84510
84500
84490
84480
84470
84460
84450
84440
84430
84420
84410
84400
84390
84380
84370
84360
84350
84340
84330
84320
84310
84300
84290
84280
84270
84260
84250
84240
84230
84220
84210
84200
84190
84180
84170
84160
84150
84140
84130
84120
84110
84100
84090
84080
84070
84060
84050
84040
84030
84020
84010
84000
83990
83980
83970
83960
83950
83940
83930
83920
83910
83900
83890
83880
83870
83860
83850
83840
83830
83820
83810
83800
83790
83780
83770
83760
83750
83740
83730
83720
83710
83700
83690
83680
83670
83660
83650
83640
83630
83620
83610
83600
83590
83580
83570
83560
83550
83540
83530
83520
83510
83500
83490
83480
83470
83460
83450
83440
83430
83420
83410
83400
83390
83380
83370
83360
83350
83340
83330
83320
83310
83300
83290
83280
83270
83260
83250
83240
83230
83220
83210
83200
83190
83180
83170
83160
83150
83140
83130
83120
83110
83100
83090
83080
83070
83060
83050
83040
83030
83020
83010
83000
82990
82980
82970
82960
82950
82940
82930
82920
82910
82900
82890
82880
82870
82860
82850
82840
82830
82820
82810
82800
82790
82780
82770
82760
82750
82740
82730
82720
82710
82700
82690
82680
82670
82660
82650
82640
82630
82620
82610
82600
82590
82580
82570
82560
82550
82540
82530
82520
82510
82500
82490
82480
82470
82460
82450
82440
82430
82420
82410
82400
82390
82380
82370
82360
82350
82340
82330
82320
82310
82300
82290
82280
82270
82260
82250
82240
82230
82220
82210
82200
82190
82180
82170
82160
82150
82140
82130
82120
82110
82100
82090
82080
82070
82060
82050
82040
82030
82020
82010
82000
81990
81980
81970
81960
81950
81940
81930
81920
81910
81900
81890
81880
81870
81860
81850
81840
81830
81820
81810
81800
81790
81780
81770
81760
81750
81740
81730
81720
81710
81700
81690
81680
81670
81660
81650
81640
81630
81620
81610
81600
81590
81580
81570
81560
81550
81540
81530
81520
81510
81500
81490
81480
81470
81460
81450
81440
81430
81420
81410
81400
81390
81380
81370
81360
81350
81340
81330
81320
81310
81300
81290
81280
81270
81260
81250
81240
81230
81220
81210
81200
81190
81180
81170
81160
81150
81140
81130
81120
81110
81100
81090
81080
81070
81060
81050
81040
81030
81020
81010
81000
80990
80980
80970
80960
80950
80940
80930
80920
80910
80900
80890
80880
80870
80860
80850
80840
80830
80820
80810
80800
80790
80780
80770
80760
80750
80740
80730
80720
80710
80700
80690
80680
80670
80660
80650
80640
80630
80620
80610
80600
80590
80580
80570
80560
80550
80540
80530
80520
80510
80500
80490
80480
80470
80460
80450
80440
80430
80420
80410
80400
80390
80380
80370
80360
80350
80340
80330
80320
80310
80300
80290
80280
80270
80260
80250
80240
80230
80220
80210
80200
80190
80180
80170
80160
80150
80140
80130
80120
80110
80100
80090
80080
80070
80060
80050
80040
80030
80020
80010
80000
79990
79980
79970
79960
79950
79940
79930
79920
79910
79900
79890
79880
79870
79860
79850
79840
79830
79820
79810
79800
79790
79780
79770
79760
79750
79740
79730
79720
79710
79700
79690
79680
79670
79660
79650
79640
79630
79620
79610
79600
79590
79580
79570
79560
79550
79540
79530
79520
79510
79500
79490
79480
79470
79460
79450
79440
79430
79420
79410
79400
79390
79380
79370
79360
79350
79340
79330
79320
79310
79300
79290
79280
79270
79260
79250
79240
79230
79220
79210
79200
79190
79180
79170
79160
79150
79140
79130
79120
79110
79100
79090
79080
79070
79060
79050
79040
79030
79020
79010
79000
78990
78980
78970
78960
78950
78940
78930
78920
78910
78900
78890
78880
78870
78860
78850
78840
78830
78820
78810
78800
78790
78780
78770
78760
78750
78740
78730
78720
78710
78700
78690
78680
78670
78660
78650
78640
78630
78620
78610
78600
78590
78580
78570
78560
78550
78540
78530
78520
78510
78500
78490
78480
78470
78460
78450
78440
78430
78420
78410
78400
78390
78380
78370
78360
78350
78340
78330
78320
78310
78300
78290
78280
78270
78260
78250
78240
78230
78220
78210
78200
78190
78180
78170
78160
78150
78140
78130
78120
78110
78100
78090
78080
78070
78060
78050
78040
78030
78020
78010
78000
77990
77980
77970
77960
77950
77940
77930
77920
77910
77900
77890
77880
77870
77860
77850
77840
77830
77820
77810
77800
77790
77780
77770
77760
77750
77740
77730
77720
77710
77700
77690
77680
77670
77660
77650
77640
77630
77620
77610
77600
77590
77580
77570
77560
77550
77540
77530
77520
77510
77500
77490
77480
77470
77460
77450
77440
77430
77420
77410
77400
77390
77380
77370
77360
77350
77340
77330
77320
77310
77300
77290
77280
77270
77260
77250
77240
77230
77220
77210
77200
77190
77180
77170
77160
77150
77140
77130
77120
77110
77100
77090
77080
77070
77060
77050
77040
77030
77020
77010
77000
76990
76980
76970
76960
76950
76940
76930
76920
76910
76900
76890
76880
76870
76860
76850
76840
76830
76820
76810
76800
76790
76780
76770
76760
76750
76740
76730
76720
76710
76700
76690
76680
76670
76660
76650
76640
76630
76620
76610
76600
76590
76580
76570
76560
76550
76540
76530
76520
76510
76500
76490
76480
76470
76460
76450
76440
76430
76420
76410
76400
76390
76380
76370
76360
76350
76340
76330
76320
76310
76300
76290
76280
76270
76260
76250
76240
76230
76220
76210
76200
76190
76180
76170
76160
76150
76140
76130
76120
76110
76100
76090
76080
76070
76060
76050
76040
76030
76020
76010
76000
75990
75980
75970
75960
75950
75940
75930
75920
75910
75900
75890
75880
75870
75860
75850
75840
75830
75820
75810
75800
75790
75780
75770
75760
75750
75740
75730
75720
75710
75700
75690
75680
75670
75660
75650
75640
75630
75620
75610
75600
75590
75580
75570
75560
75550
75540
75530
75520
75510
75500
75490
75480
75470
75460
75450
75440
75430
75420
75410
75400
75390
75380
75370
75360
75350
75340
75330
75320
75310
75300
75290
75280
75270
75260
75250
75240
75230
75220
75210
75200
75190
75180
75170
75160
75150
75140
75130
75120
75110
75100
75090
75080
75070
75060
75050
75040
75030
75020
75010
75000
74990
74980
74970
74960
74950
74940
74930
74920
74910
74900
74890
74880
74870
74860
74850
74840
74830
74820
74810
74800
74790
74780
74770
74760
74750
74740
74730
74720
74710
74700
74690
74680
74670
74660
74650
74640
74630
74620
74610
74600
74590
74580
74570
74560
74550
74540
74530
74520
74510
74500
74490
74480
74470
74460
74450
74440
74430
74420
74410
74400
74390
74380
74370
74360
74350
74340
74330
74320
74310
74300
74290
74280
74270
74260
74250
74240
74230
74220
74210
74200
74190
74180
74170
74160
74150
74140
74130
74120
74110
74100
74090
74080
74070
74060
74050
74040
74030
74020
74010
74000
73990
73980
73970
73960
73950
73940
73930
73920
73910
73900
73890
73880
73870
73860
73850
73840
73830
73820
73810
73800
73790
73780
73770
73760
73750
73740
73730
73720
73710
73700
73690
73680
73670
73660
73650
73640
73630
73620
73610
73600
73590
73580
73570
73560
73550
73540
73530
73520
73510
73500
73490
73480
73470
73460
73450
73440
73430
73420
73410
73400
73390
73380
73370
73360
73350
73340
73330
73320
73310
73300
73290
73280
73270
73260
73250
73240
73230
73220
73210
73200
73190
73180
73170
73160
73150
73140
73130
73120
73110
73100
73090
73080
73070
73060
73050
73040
73030
73020
73010
73000
72990
72980
72970
72960
72950
72940
72930
72920
72910
72900
72890
72880
72870
72860
72850
72840
72830
72820
72810
72800
72790
72780
72770
72760
72750
72740
72730
72720
72710
72700
72690
72680
72670
72660
72650
72640
72630
72620
72610
72600
72590
72580
72570
72560
72550
72540
72530
72520
72510
72500
72490
72480
72470
72460
72450
72440
72430
72420
72410
72400
72390
72380
72370
72360
72350
72340
72330
72320
72310
72300
72290
72280
72270
72260
72250
72240
72230
72220
72210
72200
72190
72180
72170
72160
72150
72140
72130
72120
72110
72100
72090
72080
72070
72060
72050
72040
72030
72020
72010
72000
71990
71980
71970
71960
71950
71940
71930
71920
71910
71900
71890
71880
71870
71860
71850
71840
71830
71820
71810
71800
71790
71780
71770
71760
71750
71740
71730
71720
71710
71700
71690
71680
71670
71660
71650
71640
71630
71620
71610
71600
71590
71580
71570
71560
71550
71540
71530
71520
71510
71500
71490
71480
71470
71460
71450
71440
71430
71420
71410
71400
71390
71380
71370
71360
71350
71340
71330
71320
71310
71300
71290
71280
71270
71260
71250
71240
71230
71220
71210
71200
71190
71180
71170
71160
71150
71140
71130
71120
71110
71100
71090
71080
71070
71060
71050
71040
71030
71020
71010
71000
70990
70980
70970
70960
70950
70940
70930
70920
70910
70900
70890
70880
70870
70860
70850
70840
70830
70820
70810
70800
70790
70780
70770
70760
70750
70740
70730
70720
70710
70700
70690
70680
70670
70660
70650
70640
70630
70620
70610
70600
70590
70580
70570
70560
70550
70540
70530
70520
70510
70500
70490
70480
70470
70460
70450
70440
70430
70420
70410
70400
70390
70380
70370
70360
70350
70340
70330
70320
70310
70300
70290
70280
70270
70260
70250
70240
70230
70220
70210
70200
70190
70180
70170
70160
70150
70140
70130
70120
70110
70100
70090
70080
70070
70060
70050
70040
70030
70020
70010
70000
69990
69980
69970
69960
69950
69940
69930
69920
69910
69900
69890
69880
69870
69860
69850
69840
69830
69820
69810
69800
69790
69780
69770
69760
69750
69740
69730
69720
69710
69700
69690
69680
69670
69660
69650
69640
69630
69620
69610
69600
69590
69580
69570
69560
69550
69540
69530
69520
69510
69500
69490
69480
69470
69460
69450
69440
69430
69420
69410
69400
69390
69380
69370
69360
69350
69340
69330
69320
69310
69300
69290
69280
69270
69260
69250
69240
69230
69220
69210
69200
69190
69180
69170
69160
69150
69140
69130
69120
69110
69100
69090
69080
69070
69060
69050
69040
69030
69020
69010
69000
68990
68980
68970
68960
68950
68940
68930
68920
68910
68900
68890
68880
68870
68860
68850
68840
68830
68820
68810
68800
68790
68780
68770
68760
68750
68740
68730
68720
68710
68700
68690
68680
68670
68660
68650
68640
68630
68620
68610
68600
68590
68580
68570
68560
68550
68540
68530
68520
68510
68500
68490
68480
68470
68460
68450
68440
68430
68420
68410
68400
68390
68380
68370
68360
68350
68340
68330
68320
68310
68300
68290
68280
68270
68260
68250
68240
68230
68220
68210
68200
68190
68180
68170
68160
68150
68140
68130
68120
68110
68100
68090
68080
68070
68060
68050
68040
68030
68020
68010
68000
67990
67980
67970
67960
67950
67940
67930
67920
67910
67900
67890
67880
67870
67860
67850
67840
67830
67820
67810
67800
67790
67780
67770
67760
67750
67740
67730
67720
67710
67700
67690
67680
67670
67660
67650
67640
67630
67620
67610
67600
67590
67580
67570
67560
67550
67540
67530
67520
67510
67500
67490
67480
67470
67460
67450
67440
67430
67420
67410
67400
67390
67380
67370
67360
67350
67340
67330
67320
67310
67300
67290
67280
67270
67260
67250
67240
67230
67220
67210
67200
67190
67180
67170
67160
67150
67140
67130
67120
67110
67100
67090
67080
67070
67060
67050
67040
67030
67020
67010
67000
66990
66980
66970
66960
66950
66940
66930
66920
66910
66900
66890
66880
66870
66860
66850
66840
66830
66820
66810
66800
66790
66780
66770
66760
66750
66740
66730
66720
66710
66700
66690
66680
66670
66660
66650
66640
66630
66620
66610
66600
66590
66580
66570
66560
66550
66540
66530
66520
66510
66500
66490
66480
66470
66460
66450
66440
66430
66420
66410
66400
66390
66380
66370
66360
66350
66340
66330
66320
66310
66300
66290
66280
66270
66260
66250
66240
66230
66220
66210
66200
66190
66180
66170
66160
66150
66140
66130
66120
66110
66100
66090
66080
66070
66060
66050
66040
66030
66020
66010
66000
65990
65980
65970
65960
65950
65940
65930
65920
65910
65900
65890
65880
65870
65860
65850
65840
65830
65820
65810
65800
65790
65780
65770
65760
65750
65740
65730
65720
65710
65700
65690
65680
65670
65660
65650
65640
65630
65620
65610
65600
65590
65580
65570
65560
65550
65540
65530
65520
65510
65500
65490
65480
65470
65460
65450
65440
65430
65420
65410
65400
65390
65380
65370
65360
65350
65340
65330
65320
65310
65300
65290
65280
65270
65260
65250
65240
65230
65220
65210
65200
65190
65180
65170
65160
65150
65140
65130
65120
65110
65100
65090
65080
65070
65060
65050
65040
65030
65020
65010
65000
64990
64980
64970
64960
64950
64940
64930
64920
64910
64900
64890
64880
64870
64860
64850
64840
64830
64820
64810
64800
64790
64780
64770
64760
64750
64740
64730
64720
64710
64700
64690
64680
64670
64660
64650
64640
64630
64620
64610
64600
64590
64580
64570
64560
64550
64540
64530
64520
64510
64500
64490
64480
64470
64460
64450
64440
64430
64420
64410
64400
64390
64380
64370
64360
64350
64340
64330
64320
64310
64300
64290
64280
64270
64260
64250
64240
64230
64220
64210
64200
64190
64180
64170
64160
64150
64140
64130
64120
64110
64100
64090
64080
64070
64060
64050
64040
64030
64020
64010
64000
63990
63980
63970
63960
63950
63940
63930
63920
63910
63900
63890
63880
63870
63860
63850
63840
63830
63820
63810
63800
63790
63780
63770
63760
63750
63740
63730
63720
63710
63700
63690
63680
63670
63660
63650
63640
63630
63620
63610
63600
63590
63580
63570
63560
63550
63540
63530
63520
63510
63500
63490
63480
63470
63460
63450
63440
63430
63420
63410
63400
63390
63380
63370
63360
63350
63340
63330
63320
63310
63300
63290
63280
63270
63260
63250
63240
63230
63220
63210
63200
63190
63180
63170
63160
63150
63140
63130
63120
63110
63100
63090
63080
63070
63060
63050
63040
63030
63020
63010
63000
62990
62980
62970
62960
62950
62940
62930
62920
62910
62900
62890
62880
62870
62860
62850
62840
62830
62820
62810
62800
62790
62780
62770
62760
62750
62740
62730
62720
62710
62700
62690
62680
62670
62660
62650
62640
62630
62620
62610
62600
62590
62580
62570
62560
62550
62540
62530
62520
62510
62500
62490
62480
62470
62460
62450
62440
62430
62420
62410
62400
62390
62380
62370
62360
62350
62340
62330
62320
62310
62300
62290
62280
62270
62260
62250
62240
62230
62220
62210
62200
62190
62180
62170
62160
62150
62140
62130
62120
62110
62100
62090
62080
62070
62060
62050
62040
62030
62020
62010
62000
61990
61980
61970
61960
61950
61940
61930
61920
61910
61900
61890
61880
61870
61860
61850
61840
61830
61820
61810
61800
61790
61780
61770
61760
61750
61740
61730
61720
61710
61700
61690
61680
61670
61660
61650
61640
61630
61620
61610
61600
61590
61580
61570
61560
61550
61540
61530
61520
61510
61500
61490
61480
61470
61460
61450
61440
61430
61420
61410
61400
61390
61380
61370
61360
61350
61340
61330
61320
61310
61300
61290
61280
61270
61260
61250
61240
61230
61220
61210
61200
61190
61180
61170
61160
61150
61140
61130
61120
61110
61100
61090
61080
61070
61060
61050
61040
61030
61020
61010
61000
60990
60980
60970
60960
60950
60940
60930
60920
60910
60900
60890
60880
60870
60860
60850
60840
60830
60820
60810
60800
60790
60780
60770
60760
60750
60740
60730
60720
60710
60700
60690
60680
60670
60660
60650
60640
60630
60620
60610
60600
60590
60580
60570
60560
60550
60540
60530
60520
60510
60500
60490
60480
60470
60460
60450
60440
60430
60420
60410
60400
60390
60380
60370
60360
60350
60340
60330
60320
60310
60300
60290
60280
60270
60260
60250
60240
60230
60220
60210
60200
60190
60180
60170
60160
60150
60140
60130
60120
60110
60100
60090
60080
60070
60060
60050
60040
60030
60020
60010
60000
59990
59980
59970
59960
59950
59940
59930
59920
59910
59900
59890
59880
59870
59860
59850
59840
59830
59820
59810
59800
59790
59780
59770
59760
59750
59740
59730
59720
59710
59700
59690
59680
59670
59660
59650
59640
59630
59620
59610
59600
59590
59580
59570
59560
59550
59540
59530
59520
59510
59500
59490
59480
59470
59460
59450
59440
59430
59420
59410
59400
59390
59380
59370
59360
59350
59340
59330
59320
59310
59300
59290
59280
59270
59260
59250
59240
59230
59220
59210
59200
59190
59180
59170
59160
59150
59140
59130
59120
59110
59100
59090
59080
59070
59060
59050
59040
59030
59020
59010
59000
58990
58980
58970
58960
58950
58940
58930
58920
58910
58900
58890
58880
58870
58860
58850
58840
58830
58820
58810
58800
58790
58780
58770
58760
58750
58740
58730
58720
58710
58700
58690
58680
58670
58660
58650
58640
58630
58620
58610
58600
58590
58580
58570
58560
58550
58540
58530
58520
58510
58500
58490
58480
58470
58460
58450
58440
58430
58420
58410
58400
58390
58380
58370
58360
58350
58340
58330
58320
58310
58300
58290
58280
58270
58260
58250
58240
58230
58220
58210
58200
58190
58180
58170
58160
58150
58140
58130
58120
58110
58100
58090
58080
58070
58060
58050
58040
58030
58020
58010
58000
57990
57980
57970
57960
57950
57940
57930
57920
57910
57900
57890
57880
57870
57860
57850
57840
57830
57820
57810
57800
57790
57780
57770
57760
57750
57740
57730
57720
57710
57700
57690
57680
57670
57660
57650
57640
57630
57620
57610
57600
57590
57580
57570
57560
57550
57540
57530
57520
57510
57500
57490
57480
57470
57460
57450
57440
57430
57420
57410
57400
57390
57380
57370
57360
57350
57340
57330
57320
57310
57300
57290
57280
57270
57260
57250
57240
57230
57220
57210
57200
57190
57180
57170
57160
57150
57140
57130
57120
57110
57100
57090
57080
57070
57060
57050
57040
57030
57020
57010
57000
56990
56980
56970
56960
56950
56940
56930
56920
56910
56900
56890
56880
56870
56860
56850
56840
56830
56820
56810
56800
56790
56780
56770
56760
56750
56740
56730
56720
56710
56700
56690
56680
56670
56660
56650
56640
56630
56620
56610
56600
56590
56580
56570
56560
56550
56540
56530
56520
56510
56500
56490
56480
56470
56460
56450
56440
56430
56420
56410
56400
56390
56380
56370
56360
56350
56340
56330
56320
56310
56300
56290
56280
56270
56260
56250
56240
56230
56220
56210
56200
56190
56180
56170
56160
56150
56140
56130
56120
56110
56100
56090
56080
56070
56060
56050
56040
56030
56020
56010
56000
55990
55980
55970
55960
55950
55940
55930
55920
55910
55900
55890
55880
55870
55860
55850
55840
55830
55820
55810
55800
55790
55780
55770
55760
55750
55740
55730
55720
55710
55700
55690
55680
55670
55660
55650
55640
55630
55620
55610
55600
55590
55580
55570
55560
55550
55540
55530
55520
55510
55500
55490
55480
55470
55460
55450
55440
55430
55420
55410
55400
55390
55380
55370
55360
55350
55340
55330
55320
55310
55300
55290
55280
55270
55260
55250
55240
55230
55220
55210
55200
55190
55180
55170
55160
55150
55140
55130
55120
55110
55100
55090
55080
55070
55060
55050
55040
55030
55020
55010
55000
54990
54980
54970
54960
54950
54940
54930
54920
54910
54900
54890
54880
54870
54860
54850
54840
54830
54820
54810
54800
54790
54780
54770
54760
54750
54740
54730
54720
54710
54700
54690
54680
54670
54660
54650
54640
54630
54620
54610
54600
54590
54580
54570
54560
54550
54540
54530
54520
54510
54500
54490
54480
54470
54460
54450
54440
54430
54420
54410
54400
54390
54380
54370
54360
54350
54340
54330
54320
54310
54300
54290
54280
54270
54260
54250
54240
54230
54220
54210
54200
54190
54180
54170
54160
54150
54140
54130
54120
54110
54100
54090
54080
54070
54060
54050
54040
54030
54020
54010
54000
53990
53980
53970
53960
53950
53940
53930
53920
53910
53900
53890
53880
53870
53860
53850
53840
53830
53820
53810
53800
53790
53780
53770
53760
53750
53740
53730
53720
53710
53700
53690
53680
53670
53660
53650
53640
53630
53620
53610
53600
53590
53580
53570
53560
53550
53540
53530
53520
53510
53500
53490
53480
53470
53460
53450
53440
53430
53420
53410
53400
53390
53380
53370
53360
53350
53340
53330
53320
53310
53300
53290
53280
53270
53260
53250
53240
53230
53220
53210
53200
53190
53180
53170
53160
53150
53140
53130
53120
53110
53100
53090
53080
53070
53060
53050
53040
53030
53020
53010
53000
52990
52980
52970
52960
52950
52940
52930
52920
52910
52900
52890
52880
52870
52860
52850
52840
52830
52820
52810
52800
52790
52780
52770
52760
52750
52740
52730
52720
52710
52700
52690
52680
52670
52660
52650
52640
52630
52620
52610
52600
52590
52580
52570
52560
52550
52540
52530
52520
52510
52500
52490
52480
52470
52460
52450
52440
52430
52420
52410
52400
52390
52380
52370
52360
52350
52340
52330
52320
52310
52300
52290
52280
52270
52260
52250
52240
52230
52220
52210
52200
52190
52180
52170
52160
52150
52140
52130
52120
52110
52100
52090
52080
52070
52060
52050
52040
52030
52020
52010
52000
51990
51980
51970
51960
51950
51940
51930
51920
51910
51900
51890
51880
51870
51860
51850
51840
51830
51820
51810
51800
51790
51780
51770
51760
51750
51740
51730
51720
51710
51700
51690
51680
51670
51660
51650
51640
51630
51620
51610
51600
51590
51580
51570
51560
51550
51540
51530
51520
51510
51500
51490
51480
51470
51460
51450
51440
51430
51420
51410
51400
51390
51380
51370
51360
51350
51340
51330
51320
51310
51300
51290
51280
51270
51260
51250
51240
51230
51220
51210
51200
51190
51180
51170
51160
51150
51140
51130
51120
51110
51100
51090
51080
51070
51060
51050
51040
51030
51020
51010
51000
50990
50980
50970
50960
50950
50940
50930
50920
50910
50900
50890
50880
50870
50860
50850
50840
50830
50820
50810
50800
50790
50780
50770
50760
50750
50740
50730
50720
50710
50700
50690
50680
50670
50660
50650
50640
50630
50620
50610
50600
50590
50580
50570
50560
50550
50540
50530
50520
50510
50500
50490
50480
50470
50460
50450
50440
50430
50420
50410
50400
50390
50380
50370
50360
50350
50340
50330
50320
50310
50300
50290
50280
50270
50260
50250
50240
50230
50220
50210
50200
50190
50180
50170
50160
50150
50140
50130
50120
50110
50100
50090
50080
50070
50060
50050
50040
50030
50020
50010
50000
49990
49980
49970
49960
49950
49940
49930
49920
49910
49900
49890
49880
49870
49860
49850
49840
49830
49820
49810
49800
49790
49780
49770
49760
49750
49740
49730
49720
49710
49700
49690
49680
49670
49660
49650
49640
49630
49620
49610
49600
49590
49580
49570
49560
49550
49540
49530
49520
49510
49500
49490
49480
49470
49460
49450
49440
49430
49420
49410
49400
49390
49380
49370
49360
49350
49340
49330
49320
49310
49300
49290
49280
49270
49260
49250
49240
49230
49220
49210
49200
49190
49180
49170
49160
49150
49140
49130
49120
49110
49100
49090
49080
49070
49060
49050
49040
49030
49020
49010
49000
48990
48980
48970
48960
48950
48940
48930
48920
48910
48900
48890
48880
48870
48860
48850
48840
48830
48820
48810
48800
48790
48780
48770
48760
48750
48740
48730
48720
48710
48700
48690
48680
48670
48660
48650
48640
48630
48620
48610
48600
48590
48580
48570
48560
48550
48540
48530
48520
48510
48500
48490
48480
48470
48460
48450
48440
48430
48420
48410
48400
48390
48380
48370
48360
48350
48340
48330
48320
48310
48300
48290
48280
48270
48260
48250
48240
48230
48220
48210
48200
48190
48180
48170
48160
48150
48140
48130
48120
48110
48100
48090
48080
48070
48060
48050
48040
48030
48020
48010
48000
47990
47980
47970
47960
47950
47940
47930
47920
47910
47900
47890
47880
47870
47860
47850
47840
47830
47820
47810
47800
47790
47780
47770
47760
47750
47740
47730
47720
47710
47700
47690
47680
47670
47660
47650
47640
47630
47620
47610
47600
47590
47580
47570
47560
47550
47540
47530
47520
47510
47500
47490
47480
47470
47460
47450
47440
47430
47420
47410
47400
47390
47380
47370
47360
47350
47340
47330
47320
47310
47300
47290
47280
47270
47260
47250
47240
47230
47220
47210
47200
47190
47180
47170
47160
47150
47140
47130
47120
47110
47100
47090
47080
47070
47060
47050
47040
47030
47020
47010
47000
46990
46980
46970
46960
46950
46940
46930
46920
46910
46900
46890
46880
46870
46860
46850
46840
46830
46820
46810
46800
46790
46780
46770
46760
46750
46740
46730
46720
46710
46700
46690
46680
46670
46660
46650
46640
46630
46620
46610
46600
46590
46580
46570
46560
46550
46540
46530
46520
46510
46500
46490
46480
46470
46460
46450
46440
46430
46420
46410
46400
46390
46380
46370
46360
46350
46340
46330
46320
46310
46300
46290
46280
46270
46260
46250
46240
46230
46220
46210
46200
46190
46180
46170
46160
46150
46140
46130
46120
46110
46100
46090
46080
46070
46060
46050
46040
46030
46020
46010
46000
45990
45980
45970
45960
45950
45940
45930
45920
45910
45900
45890
45880
45870
45860
45850
45840
45830
45820
45810
45800
45790
45780
45770
45760
45750
45740
45730
45720
45710
45700
45690
45680
45670
45660
45650
45640
45630
45620
45610
45600
45590
45580
45570
45560
45550
45540
45530
45520
45510
45500
45490
45480
45470
45460
45450
45440
45430
45420
45410
45400
45390
45380
45370
45360
45350
45340
45330
45320
45310
45300
45290
45280
45270
45260
45250
45240
45230
45220
45210
45200
45190
45180
45170
45160
45150
45140
45130
45120
45110
45100
45090
45080
45070
45060
45050
45040
45030
45020
45010
45000
44990
44980
44970
44960
44950
44940
44930
44920
44910
44900
44890
44880
44870
44860
44850
44840
44830
44820
44810
44800
44790
44780
44770
44760
44750
44740
44730
44720
44710
44700
44690
44680
44670
44660
44650
44640
44630
44620
44610
44600
44590
44580
44570
44560
44550
44540
44530
44520
44510
44500
44490
44480
44470
44460
44450
44440
44430
44420
44410
44400
44390
44380
44370
44360
44350
44340
44330
44320
44310
44300
44290
44280
44270
44260
44250
44240
44230
44220
44210
44200
44190
44180
44170
44160
44150
44140
44130
44120
44110
44100
44090
44080
44070
44060
44050
44040
44030
44020
44010
44000
43990
43980
43970
43960
43950
43940
43930
43920
43910
43900
43890
43880
43870
43860
43850
43840
43830
43820
43810
43800
43790
43780
43770
43760
43750
43740
43730
43720
43710
43700
43690
43680
43670
43660
43650
43640
43630
43620
43610
43600
43590
43580
43570
43560
43550
43540
43530
43520
43510
43500
43490
43480
43470
43460
43450
43440
43430
43420
43410
43400
43390
43380
43370
43360
43350
43340
43330
43320
43310
43300
43290
43280
43270
43260
43250
43240
43230
43220
43210
43200
43190
43180
43170
43160
43150
43140
43130
43120
43110
43100
43090
43080
43070
43060
43050
43040
43030
43020
43010
43000
42990
42980
42970
42960
42950
42940
42930
42920
42910
42900
42890
42880
42870
42860
42850
42840
42830
42820
42810
42800
42790
42780
42770
42760
42750
42740
42730
42720
42710
42700
42690
42680
42670
42660
42650
42640
42630
42620
42610
42600
42590
42580
42570
42560
42550
42540
42530
42520
42510
42500
42490
42480
42470
42460
42450
42440
42430
42420
42410
42400
42390
42380
42370
42360
42350
42340
42330
42320
42310
42300
42290
42280
42270
42260
42250
42240
42230
42220
42210
42200
42190
42180
42170
42160
42150
42140
42130
42120
42110
42100
42090
42080
42070
42060
42050
42040
42030
42020
42010
42000
41990
41980
41970
41960
41950
41940
41930
41920
41910
41900
41890
41880
41870
41860
41850
41840
41830
41820
41810
41800
41790
41780
41770
41760
41750
41740
41730
41720
41710
41700
41690
41680
41670
41660
41650
41640
41630
41620
41610
41600
41590
41580
41570
41560
41550
41540
41530
41520
41510
41500
41490
41480
41470
41460
41450
41440
41430
41420
41410
41400
41390
41380
41370
41360
41350
41340
41330
41320
41310
41300
41290
41280
41270
41260
41250
41240
41230
41220
41210
41200
41190
41180
41170
41160
41150
41140
41130
41120
41110
41100
41090
41080
41070
41060
41050
41040
41030
41020
41010
41000
40990
40980
40970
40960
40950
40940
40930
40920
40910
40900
40890
40880
40870
40860
40850
40840
40830
40820
40810
40800
40790
40780
40770
40760
40750
40740
40730
40720
40710
40700
40690
40680
40670
40660
40650
40640
40630
40620
40610
40600
40590
40580
40570
40560
40550
40540
40530
40520
40510
40500
40490
40480
40470
40460
40450
40440
40430
40420
40410
40400
40390
40380
40370
40360
40350
40340
40330
40320
40310
40300
40290
40280
40270
40260
40250
40240
40230
40220
40210
40200
40190
40180
40170
40160
40150
40140
40130
40120
40110
40100
40090
40080
40070
40060
40050
40040
40030
40020
40010
40000
39990
39980
39970
39960
39950
39940
39930
39920
39910
39900
39890
39880
39870
39860
39850
39840
39830
39820
39810
39800
39790
39780
39770
39760
39750
39740
39730
39720
39710
39700
39690
39680
39670
39660
39650
39640
39630
39620
39610
39600
39590
39580
39570
39560
39550
39540
39530
39520
39510
39500
39490
39480
39470
39460
39450
39440
39430
39420
39410
39400
39390
39380
39370
39360
39350
39340
39330
39320
39310
39300
39290
39280
39270
39260
39250
39240
39230
39220
39210
39200
39190
39180
39170
39160
39150
39140
39130
39120
39110
39100
39090
39080
39070
39060
39050
39040
39030
39020
39010
39000
38990
38980
38970
38960
38950
38940
38930
38920
38910
38900
38890
38880
38870
38860
38850
38840
38830
38820
38810
38800
38790
38780
38770
38760
38750
38740
38730
38720
38710
38700
38690
38680
38670
38660
38650
38640
38630
38620
38610
38600
38590
38580
38570
38560
38550
38540
38530
38520
38510
38500
38490
38480
38470
38460
38450
38440
38430
38420
38410
38400
38390
38380
38370
38360
38350
38340
38330
38320
38310
38300
38290
38280
38270
38260
38250
38240
38230
38220
38210
38200
38190
38180
38170
38160
38150
38140
38130
38120
38110
38100
38090
38080
38070
38060
38050
38040
38030
38020
38010
38000
37990
37980
37970
37960
37950
37940
37930
37920
37910
37900
37890
37880
37870
37860
37850
37840
37830
37820
37810
37800
37790
37780
37770
37760
37750
37740
37730
37720
37710
37700
37690
37680
37670
37660
37650
37640
37630
37620
37610
37600
37590
37580
37570
37560
37550
37540
37530
37520
37510
37500
37490
37480
37470
37460
37450
37440
37430
37420
37410
37400
37390
37380
37370
37360
37350
37340
37330
37320
37310
37300
37290
37280
37270
37260
37250
37240
37230
37220
37210
37200
37190
37180
37170
37160
37150
37140
37130
37120
37110
37100
37090
37080
37070
37060
37050
37040
37030
37020
37010
37000
36990
36980
36970
36960
36950
36940
36930
36920
36910
36900
36890
36880
36870
36860
36850
36840
36830
36820
36810
36800
36790
36780
36770
36760
36750
36740
36730
36720
36710
36700
36690
36680
36670
36660
36650
36640
36630
36620
36610
36600
36590
36580
36570
36560
36550
36540
36530
36520
36510
36500
36490
36480
36470
36460
36450
36440
36430
36420
36410
36400
36390
36380
36370
36360
36350
36340
36330
36320
36310
36300
36290
36280
36270
36260
36250
36240
36230
36220
36210
36200
36190
36180
36170
36160
36150
36140
36130
36120
36110
36100
36090
36080
36070
36060
36050
36040
36030
36020
36010
36000
35990
35980
35970
35960
35950
35940
35930
35920
35910
35900
35890
35880
35870
35860
35850
35840
35830
35820
35810
35800
35790
35780
35770
35760
35750
35740
35730
35720
35710
35700
35690
35680
35670
35660
35650
35640
35630
35620
35610
35600
35590
35580
35570
35560
35550
35540
35530
35520
35510
35500
35490
35480
35470
35460
35450
35440
35430
35420
35410
35400
35390
35380
35370
35360
35350
35340
35330
35320
35310
35300
35290
35280
35270
35260
35250
35240
35230
35220
35210
35200
35190
35180
35170
35160
35150
35140
35130
35120
35110
35100
35090
35080
35070
35060
35050
35040
35030
35020
35010
35000
34990
34980
34970
34960
34950
34940
34930
34920
34910
34900
34890
34880
34870
34860
34850
34840
34830
34820
34810
34800
34790
34780
34770
34760
34750
34740
34730
34720
34710
34700
34690
34680
34670
34660
34650
34640
34630
34620
34610
34600
34590
34580
34570
34560
34550
34540
34530
34520
34510
34500
34490
34480
34470
34460
34450
34440
34430
34420
34410
34400
34390
34380
34370
34360
34350
34340
34330
34320
34310
34300
34290
34280
34270
34260
34250
34240
34230
34220
34210
34200
34190
34180
34170
34160
34150
34140
34130
34120
34110
34100
34090
34080
34070
34060
34050
34040
34030
34020
34010
34000
33990
33980
33970
33960
33950
33940
33930
33920
33910
33900
33890
33880
33870
33860
33850
33840
33830
33820
33810
33800
33790
33780
33770
33760
33750
33740
33730
33720
33710
33700
33690
33680
33670
33660
33650
33640
33630
33620
33610
33600
33590
33580
33570
33560
33550
33540
33530
33520
33510
33500
33490
33480
33470
33460
33450
33440
33430
33420
33410
33400
33390
33380
33370
33360
33350
33340
33330
33320
33310
33300
33290
33280
33270
33260
33250
33240
33230
33220
33210
33200
33190
33180
33170
33160
33150
33140
33130
33120
33110
33100
33090
33080
33070
33060
33050
33040
33030
33020
33010
33000
32990
32980
32970
32960
32950
32940
32930
32920
32910
32900
32890
32880
32870
32860
32850
32840
32830
32820
32810
32800
32790
32780
32770
32760
32750
32740
32730
32720
32710
32700
32690
32680
32670
32660
32650
32640
32630
32620
32610
32600
32590
32580
32570
32560
32550
32540
32530
32520
32510
32500
32490
32480
32470
32460
32450
32440
32430
32420
32410
32400
32390
32380
32370
32360
32350
32340
32330
32320
32310
32300
32290
32280
32270
32260
32250
32240
32230
32220
32210
32200
32190
32180
32170
32160
32150
32140
32130
32120
32110
32100
32090
32080
32070
32060
32050
32040
32030
32020
32010
32000
31990
31980
31970
31960
31950
31940
31930
31920
31910
31900
31890
31880
31870
31860
31850
31840
31830
31820
31810
31800
31790
31780
31770
31760
31750
31740
31730
31720
31710
31700
31690
31680
31670
31660
31650
31640
31630
31620
31610
31600
31590
31580
31570
31560
31550
31540
31530
31520
31510
31500
31490
31480
31470
31460
31450
31440
31430
31420
31410
31400
31390
31380
31370
31360
31350
31340
31330
31320
31310
31300
31290
31280
31270
31260
31250
31240
31230
31220
31210
31200
31190
31180
31170
31160
31150
31140
31130
31120
31110
31100
31090
31080
31070
31060
31050
31040
31030
31020
31010
31000
30990
30980
30970
30960
30950
30940
30930
30920
30910
30900
30890
30880
30870
30860
30850
30840
30830
30820
30810
30800
30790
30780
30770
30760
30750
30740
30730
30720
30710
30700
30690
30680
30670
30660
30650
30640
30630
30620
30610
30600
30590
30580
30570
30560
30550
30540
30530
30520
30510
30500
30490
30480
30470
30460
30450
30440
30430
30420
30410
30400
30390
30380
30370
30360
30350
30340
30330
30320
30310
30300
30290
30280
30270
30260
30250
30240
30230
30220
30210
30200
30190
30180
30170
30160
30150
30140
30130
30120
30110
30100
30090
30080
30070
30060
30050
30040
30030
30020
30010
30000
29990
29980
29970
29960
29950
29940
29930
29920
29910
29900
29890
29880
29870
29860
29850
29840
29830
29820
29810
29800
29790
29780
29770
29760
29750
29740
29730
29720
29710
29700
29690
29680
29670
29660
29650
29640
29630
29620
29610
29600
29590
29580
29570
29560
29550
29540
29530
29520
29510
29500
29490
29480
29470
29460
29450
29440
29430
29420
29410
29400
29390
29380
29370
29360
29350
29340
29330
29320
29310
29300
29290
29280
29270
29260
29250
29240
29230
29220
29210
29200
29190
29180
29170
29160
29150
29140
29130
29120
29110
29100
29090
29080
29070
29060
29050
29040
29030
29020
29010
29000
28990
28980
28970
28960
28950
28940
28930
28920
28910
28900
28890
28880
28870
28860
28850
28840
28830
28820
28810
28800
28790
28780
28770
28760
28750
28740
28730
28720
28710
28700
28690
28680
28670
28660
28650
28640
28630
28620
28610
28600
28590
28580
28570
28560
28550
28540
28530
28520
28510
28500
28490
28480
28470
28460
28450
28440
28430
28420
28410
28400
28390
28380
28370
28360
28350
28340
28330
28320
28310
28300
28290
28280
28270
28260
28250
28240
28230
28220
28210
28200
28190
28180
28170
28160
28150
28140
28130
28120
28110
28100
28090
28080
28070
28060
28050
28040
28030
28020
28010
28000
27990
27980
27970
27960
27950
27940
27930
27920
27910
27900
27890
27880
27870
27860
27850
27840
27830
27820
27810
27800
27790
27780
27770
27760
27750
27740
27730
27720
27710
27700
27690
27680
27670
27660
27650
27640
27630
27620
27610
27600
27590
27580
27570
27560
27550
27540
27530
27520
27510
27500
27490
27480
27470
27460
27450
27440
27430
27420
27410
27400
27390
27380
27370
27360
27350
27340
27330
27320
27310
27300
27290
27280
27270
27260
27250
27240
27230
27220
27210
27200
27190
27180
27170
27160
27150
27140
27130
27120
27110
27100
27090
27080
27070
27060
27050
27040
27030
27020
27010
27000
26990
26980
26970
26960
26950
26940
26930
26920
26910
26900
26890
26880
26870
26860
26850
26840
26830
26820
26810
26800
26790
26780
26770
26760
26750
26740
26730
26720
26710
26700
26690
26680
26670
26660
26650
26640
26630
26620
26610
26600
26590
26580
26570
26560
26550
26540
26530
26520
26510
26500
26490
26480
26470
26460
26450
26440
26430
26420
26410
26400
26390
26380
26370
26360
26350
26340
26330
26320
26310
26300
26290
26280
26270
26260
26250
26240
26230
26220
26210
26200
26190
26180
26170
26160
26150
26140
26130
26120
26110
26100
26090
26080
26070
26060
26050
26040
26030
26020
26010
26000
25990
25980
25970
25960
25950
25940
25930
25920
25910
25900
25890
25880
25870
25860
25850
25840
25830
25820
25810
25800
25790
25780
25770
25760
25750
25740
25730
25720
25710
25700
25690
25680
25670
25660
25650
25640
25630
25620
25610
25600
25590
25580
25570
25560
25550
25540
25530
25520
25510
25500
25490
25480
25470
25460
25450
25440
25430
25420
25410
25400
25390
25380
25370
25360
25350
25340
25330
25320
25310
25300
25290
25280
25270
25260
25250
25240
25230
25220
25210
25200
25190
25180
25170
25160
25150
25140
25130
25120
25110
25100
25090
25080
25070
25060
25050
25040
25030
25020
25010
25000
24990
24980
24970
24960
24950
24940
24930
24920
24910
24900
24890
24880
24870
24860
24850
24840
24830
24820
24810
24800
24790
24780
24770
24760
24750
24740
24730
24720
24710
24700
24690
24680
24670
24660
24650
24640
24630
24620
24610
24600
24590
24580
24570
24560
24550
24540
24530
24520
24510
24500
24490
24480
24470
24460
24450
24440
24430
24420
24410
24400
24390
24380
24370
24360
24350
24340
24330
24320
24310
24300
24290
24280
24270
24260
24250
24240
24230
24220
24210
24200
24190
24180
24170
24160
24150
24140
24130
24120
24110
24100
24090
24080
24070
24060
24050
24040
24030
24020
24010
24000
23990
23980
23970
23960
23950
23940
23930
23920
23910
23900
23890
23880
23870
23860
23850
23840
23830
23820
23810
23800
23790
23780
23770
23760
23750
23740
23730
23720
23710
23700
23690
23680
23670
23660
23650
23640
23630
23620
23610
23600
23590
23580
23570
23560
23550
23540
23530
23520
23510
23500
23490
23480
23470
23460
23450
23440
23430
23420
23410
23400
23390
23380
23370
23360
23350
23340
23330
23320
23310
23300
23290
23280
23270
23260
23250
23240
23230
23220
23210
23200
23190
23180
23170
23160
23150
23140
23130
23120
23110
23100
23090
23080
23070
23060
23050
23040
23030
23020
23010
23000
22990
22980
22970
22960
22950
22940
22930
22920
22910
22900
22890
22880
22870
22860
22850
22840
22830
22820
22810
22800
22790
22780
22770
22760
22750
22740
22730
22720
22710
22700
22690
22680
22670
22660
22650
22640
22630
22620
22610
22600
22590
22580
22570
22560
22550
22540
22530
22520
22510
22500
22490
22480
22470
22460
22450
22440
22430
22420
22410
22400
22390
22380
22370
22360
22350
22340
22330
22320
22310
22300
22290
22280
22270
22260
22250
22240
22230
22220
22210
22200
22190
22180
22170
22160
22150
22140
22130
22120
22110
22100
22090
22080
22070
22060
22050
22040
22030
22020
22010
22000
21990
21980
21970
21960
21950
21940
21930
21920
21910
21900
21890
21880
21870
21860
21850
21840
21830
21820
21810
21800
21790
21780
21770
21760
21750
21740
21730
21720
21710
21700
21690
21680
21670
21660
21650
21640
21630
21620
21610
21600
21590
21580
21570
21560
21550
21540
21530
21520
21510
21500
21490
21480
21470
21460
21450
21440
21430
21420
21410
21400
21390
21380
21370
21360
21350
21340
21330
21320
21310
21300
21290
21280
21270
21260
21250
21240
21230
21220
21210
21200
21190
21180
21170
21160
21150
21140
21130
21120
21110
21100
21090
21080
21070
21060
21050
21040
21030
21020
21010
21000
20990
20980
20970
20960
20950
20940
20930
20920
20910
20900
20890
20880
20870
20860
20850
20840
20830
20820
20810
20800
20790
20780
20770
20760
20750
20740
20730
20720
20710
20700
20690
20680
20670
20660
20650
20640
20630
20620
20610
20600
20590
20580
20570
20560
20550
20540
20530
20520
20510
20500
20490
20480
20470
20460
20450
20440
20430
20420
20410
20400
20390
20380
20370
20360
20350
20340
20330
20320
20310
20300
20290
20280
20270
20260
20250
20240
20230
20220
20210
20200
20190
20180
20170
20160
20150
20140
20130
20120
20110
20100
20090
20080
20070
20060
20050
20040
20030
20020
20010
20000
19990
19980
19970
19960
19950
19940
19930
19920
19910
19900
19890
19880
19870
19860
19850
19840
19830
19820
19810
19800
19790
19780
19770
19760
19750
19740
19730
19720
19710
19700
19690
19680
19670
19660
19650
19640
19630
19620
19610
19600
19590
19580
19570
19560
19550
19540
19530
19520
19510
19500
19490
19480
19470
19460
19450
19440
19430
19420
19410
19400
19390
19380
19370
19360
19350
19340
19330
19320
19310
19300
19290
19280
19270
19260
19250
19240
19230
19220
19210
19200
19190
19180
19170
19160
19150
19140
19130
19120
19110
19100
19090
19080
19070
19060
19050
19040
19030
19020
19010
19000
18990
18980
18970
18960
18950
18940
18930
18920
18910
18900
18890
18880
18870
18860
18850
18840
18830
18820
18810
18800
18790
18780
18770
18760
18750
18740
18730
18720
18710
18700
18690
18680
18670
18660
18650
18640
18630
18620
18610
18600
18590
18580
18570
18560
18550
18540
18530
18520
18510
18500
18490
18480
18470
18460
18450
18440
18430
18420
18410
18400
18390
18380
18370
18360
18350
18340
18330
18320
18310
18300
18290
18280
18270
18260
18250
18240
18230
18220
18210
18200
18190
18180
18170
18160
18150
18140
18130
18120
18110
18100
18090
18080
18070
18060
18050
18040
18030
18020
18010
18000
17990
17980
17970
17960
17950
17940
17930
17920
17910
17900
17890
17880
17870
17860
17850
17840
17830
17820
17810
17800
17790
17780
17770
17760
17750
17740
17730
17720
17710
17700
17690
17680
17670
17660
17650
17640
17630
17620
17610
17600
17590
17580
17570
17560
17550
17540
17530
17520
17510
17500
17490
17480
17470
17460
17450
17440
17430
17420
17410
17400
17390
17380
17370
17360
17350
17340
17330
17320
17310
17300
17290
17280
17270
17260
17250
17240
17230
17220
17210
17200
17190
17180
17170
17160
17150
17140
17130
17120
17110
17100
17090
17080
17070
17060
17050
17040
17030
17020
17010
17000
16990
16980
16970
16960
16950
16940
16930
16920
16910
16900
16890
16880
16870
16860
16850
16840
16830
16820
16810
16800
16790
16780
16770
16760
16750
16740
16730
16720
16710
16700
16690
16680
16670
16660
16650
16640
16630
16620
16610
16600
16590
16580
16570
16560
16550
16540
16530
16520
16510
16500
16490
16480
16470
16460
16450
16440
16430
16420
16410
16400
16390
16380
16370
16360
16350
16340
16330
16320
16310
16300
16290
16280
16270
16260
16250
16240
16230
16220
16210
16200
16190
16180
16170
16160
16150
16140
16130
16120
16110
16100
16090
16080
16070
16060
16050
16040
16030
16020
16010
16000
15990
15980
15970
15960
15950
15940
15930
15920
15910
15900
15890
15880
15870
15860
15850
15840
15830
15820
15810
15800
15790
15780
15770
15760
15750
15740
15730
15720
15710
15700
15690
15680
15670
15660
15650
15640
15630
15620
15610
15600
15590
15580
15570
15560
15550
15540
15530
15520
15510
15500
15490
15480
15470
15460
15450
15440
15430
15420
15410
15400
15390
15380
15370
15360
15350
15340
15330
15320
15310
15300
15290
15280
15270
15260
15250
15240
15230
15220
15210
15200
15190
15180
15170
15160
15150
15140
15130
15120
15110
15100
15090
15080
15070
15060
15050
15040
15030
15020
15010
15000
14990
14980
14970
14960
14950
14940
14930
14920
14910
14900
14890
14880
14870
14860
14850
14840
14830
14820
14810
14800
14790
14780
14770
14760
14750
14740
14730
14720
14710
14700
14690
14680
14670
14660
14650
14640
14630
14620
14610
14600
14590
14580
14570
14560
14550
14540
14530
14520
14510
14500
14490
14480
14470
14460
14450
14440
14430
14420
14410
14400
14390
14380
14370
14360
14350
14340
14330
14320
14310
14300
14290
14280
14270
14260
14250
14240
14230
14220
14210
14200
14190
14180
14170
14160
14150
14140
14130
14120
14110
14100
14090
14080
14070
14060
14050
14040
14030
14020
14010
14000
13990
13980
13970
13960
13950
13940
13930
13920
13910
13900
13890
13880
13870
13860
13850
13840
13830
13820
13810
13800
13790
13780
13770
13760
13750
13740
13730
13720
13710
13700
13690
13680
13670
13660
13650
13640
13630
13620
13610
13600
13590
13580
13570
13560
13550
13540
13530
13520
13510
13500
13490
13480
13470
13460
13450
13440
13430
13420
13410
13400
13390
13380
13370
13360
13350
13340
13330
13320
13310
13300
13290
13280
13270
13260
13250
13240
13230
13220
13210
13200
13190
13180
13170
13160
13150
13140
13130
13120
13110
13100
13090
13080
13070
13060
13050
13040
13030
13020
13010
13000
12990
12980
12970
12960
12950
12940
12930
12920
12910
12900
12890
12880
12870
12860
12850
12840
12830
12820
12810
12800
12790
12780
12770
12760
12750
12740
12730
12720
12710
12700
12690
12680
12670
12660
12650
12640
12630
12620
12610
12600
12590
12580
12570
12560
12550
12540
12530
12520
12510
12500
12490
12480
12470
12460
12450
12440
12430
12420
12410
12400
12390
12380
12370
12360
12350
12340
12330
12320
12310
12300
12290
12280
12270
12260
12250
12240
12230
12220
12210
12200
12190
12180
12170
12160
12150
12140
12130
12120
12110
12100
12090
12080
12070
12060
12050
12040
12030
12020
12010
12000
11990
11980
11970
11960
11950
11940
11930
11920
11910
11900
11890
11880
11870
11860
11850
11840
11830
11820
11810
11800
11790
11780
11770
11760
11750
11740
11730
11720
11710
11700
11690
11680
11670
11660
11650
11640
11630
11620
11610
11600
11590
11580
11570
11560
11550
11540
11530
11520
11510
11500
11490
11480
11470
11460
11450
11440
11430
11420
11410
11400
11390
11380
11370
11360
11350
11340
11330
11320
11310
11300
11290
11280
11270
11260
11250
11240
11230
11220
11210
11200
11190
11180
11170
11160
11150
11140
11130
11120
11110
11100
11090
11080
11070
11060
11050
11040
11030
11020
11010
11000
10990
10980
10970
10960
10950
10940
10930
10920
10910
10900
10890
10880
10870
10860
10850
10840
10830
10820
10810
10800
10790
10780
10770
10760
10750
10740
10730
10720
10710
10700
10690
10680
10670
10660
10650
10640
10630
10620
10610
10600
10590
10580
10570
10560
10550
10540
10530
10520
10510
10500
10490
10480
10470
10460
10450
10440
10430
10420
10410
10400
10390
10380
10370
10360
10350
10340
10330
10320
10310
10300
10290
10280
10270
10260
10250
10240
10230
10220
10210
10200
10190
10180
10170
10160
10150
10140
10130
10120
10110
10100
10090
10080
10070
10060
10050
10040
10030
10020
10010
10000
9990
9980
9970
9960
9950
9940
9930
9920
9910
9900
9890
9880
9870
9860
9850
9840
9830
9820
9810
9800
9790
9780
9770
9760
9750
9740
9730
9720
9710
9700
9690
9680
9670
9660
9650
9640
9630
9620
9610
9600
9590
9580
9570
9560
9550
9540
9530
9520
9510
9500
9490
9480
9470
9460
9450
9440
9430
9420
9410
9400
9390
9380
9370
9360
9350
9340
9330
9320
9310
9300
9290
9280
9270
9260
9250
9240
9230
9220
9210
9200
9190
9180
9170
9160
9150
9140
9130
9120
9110
9100
9090
9080
9070
9060
9050
9040
9030
9020
9010
9000
8990
8980
8970
8960
8950
8940
8930
8920
8910
8900
8890
8880
8870
8860
8850
8840
8830
8820
8810
8800
8790
8780
8770
8760
8750
8740
8730
8720
8710
8700
8690
8680
8670
8660
8650
8640
8630
8620
8610
8600
8590
8580
8570
8560
8550
8540
8530
8520
8510
8500
8490
8480
8470
8460
8450
8440
8430
8420
8410
8400
8390
8380
8370
8360
8350
8340
8330
8320
8310
8300
8290
8280
8270
8260
8250
8240
8230
8220
8210
8200
8190
8180
8170
8160
8150
8140
8130
8120
8110
8100
8090
8080
8070
8060
8050
8040
8030
8020
8010
8000
7990
7980
7970
7960
7950
7940
7930
7920
7910
7900
7890
7880
7870
7860
7850
7840
7830
7820
7810
7800
7790
7780
7770
7760
7750
7740
7730
7720
7710
7700
7690
7680
7670
7660
7650
7640
7630
7620
7610
7600
7590
7580
7570
7560
7550
7540
7530
7520
7510
7500
7490
7480
7470
7460
7450
7440
7430
7420
7410
7400
7390
7380
7370
7360
7350
7340
7330
7320
7310
7300
7290
7280
7270
7260
7250
7240
7230
7220
7210
7200
7190
7180
7170
7160
7150
7140
7130
7120
7110
7100
7090
7080
7070
7060
7050
7040
7030
7020
7010
7000
6990
6980
6970
6960
6950
6940
6930
6920
6910
6900
6890
6880
6870
6860
6850
6840
6830
6820
6810
6800
6790
6780
6770
6760
6750
6740
6730
6720
6710
6700
6690
6680
6670
6660
6650
6640
6630
6620
6610
6600
6590
6580
6570
6560
6550
6540
6530
6520
6510
6500
6490
6480
6470
6460
6450
6440
6430
6420
6410
6400
6390
6380
6370
6360
6350
6340
6330
6320
6310
6300
6290
6280
6270
6260
6250
6240
6230
6220
6210
6200
6190
6180
6170
6160
6150
6140
6130
6120
6110
6100
6090
6080
6070
6060
6050
6040
6030
6020
6010
6000
5990
5980
5970
5960
5950
5940
5930
5920
5910
5900
5890
5880
5870
5860
5850
5840
5830
5820
5810
5800
5790
5780
5770
5760
5750
5740
5730
5720
5710
5700
5690
5680
5670
5660
5650
5640
5630
5620
5610
5600
5590
5580
5570
5560
5550
5540
5530
5520
5510
5500
5490
5480
5470
5460
5450
5440
5430
5420
5410
5400
5390
5380
5370
5360
5350
5340
5330
5320
5310
5300
5290
5280
5270
5260
5250
5240
5230
5220
5210
5200
5190
5180
5170
5160
5150
5140
5130
5120
5110
5100
5090
5080
5070
5060
5050
5040
5030
5020
5010
5000
4990
4980
4970
4960
4950
4940
4930
4920
4910
4900
4890
4880
4870
4860
4850
4840
4830
4820
4810
4800
4790
4780
4770
4760
4750
4740
4730
4720
4710
4700
4690
4680
4670
4660
4650
4640
4630
4620
4610
4600
4590
4580
4570
4560
4550
4540
4530
4520
4510
4500
4490
4480
4470
4460
4450
4440
4430
4420
4410
4400
4390
4380
4370
4360
4350
4340
4330
4320
4310
4300
4290
4280
4270
4260
4250
4240
4230
4220
4210
4200
4190
4180
4170
4160
4150
4140
4130
4120
4110
4100
4090
4080
4070
4060
4050
4040
4030
4020
4010
4000
3990
3980
3970
3960
3950
3940
3930
3920
3910
3900
3890
3880
3870
3860
3850
3840
3830
3820
3810
3800
3790
3780
3770
3760
3750
3740
3730
3720
3710
3700
3690
3680
3670
3660
3650
3640
3630
3620
3610
3600
3590
3580
3570
3560
3550
3540
3530
3520
3510
3500
3490
3480
3470
3460
3450
3440
3430
3420
3410
3400
3390
3380
3370
3360
3350
3340
3330
3320
3310
3300
3290
3280
3270
3260
3250
3240
3230
3220
3210
3200
3190
3180
3170
3160
3150
3140
3130
3120
3110
3100
3090
3080
3070
3060
3050
3040
3030
3020
3010
3000
2990
2980
2970
2960
2950
2940
2930
2920
2910
2900
2890
2880
2870
2860
2850
2840
2830
2820
2810
2800
2790
2780
2770
2760
2750
2740
2730
2720
2710
2700
2690
2680
2670
2660
2650
2640
2630
2620
2610
2600
2590
2580
2570
2560
2550
2540
2530
2520
2510
2500
2490
2480
2470
2460
2450
2440
2430
2420
2410
2400
2390
2380
2370
2360
2350
2340
2330
2320
2310
2300
2290
2280
2270
2260
2250
2240
2230
2220
2210
2200
2190
2180
2170
2160
2150
2140
2130
2120
2110
2100
2090
2080
2070
2060
2050
2040
2030
2020
2010
2000
1990
1980
1970
1960
1950
1940
1930
1920
1910
1900
1890
1880
1870
1860
1850
1840
1830
1820
1810
1800
1790
1780
1770
1760
1750
1740
1730
1720
1710
1700
1690
1680
1670
1660
1650
1640
1630
1620
1610
1600
1590
1580
1570
1560
1550
1540
1530
1520
1510
1500
1490
1480
1470
1460
1450
1440
1430
1420
1410
1400
1390
1380
1370
1360
1350
1340
1330
1320
1310
1300
1290
1280
1270
1260
1250
1240
1230
1220
1210
1200
1190
1180
1170
1160
1150
1140
1130
1120
1110
1100
1090
1080
1070
1060
1050
1040
1030
1020
1010
1000
990
980
970
960
950
940
930
920
910
900
890
880
870
860
850
840
830
820
810
800
790
780
770
760
750
740
730
720
710
700
690
680
670
660
650
640
630
620
610
600
590
580
570
560
550
540
530
520
510
500
490
480
470
460
450
440
430
420
410
400
390
380
370
360
350
340
330
320
310
300
290
280
270
260
250
240
230
220
210
200
190
180
170
160
150
140
130
120
110
100
90
80
70
60
50
40
30
20
10
0